100-29-1080x1920
103
104-17-720x480
107-30-640x480
108
11-24-1920x1080
110
113-60-1280x720
115-30-1280x720
116
117-25-1920x1080
118-30-640x480
120-30-1280x720
120
121
123-25-1920x1080
140-30-632x360
156
162
163
167
172
177
184
190
193
195
196
199
200
202
204
206
207
209
210
211
224
225
232
233
239
24-30-1920x1080-2
242
243
249
251
252
254
256
257
259
26-60-1280x720
269
271
273
274
275
276
279
28-30-1280x720-2
280
281
284
290
293
297
298
3-25-1920x1080
306
307
314
323
324
325
327
328
330
344
347
350
357
363
373
374
375
377
383
385
386
39-25-424x240
406
408
409
412
425
426
428
440
441
447
449
45-24-1280x720
58-30-640x480
59-30-1280x720
60-30-1920x1080
63-30-1920x1080
64-24-640x360
65-30-400x228
67-24-640x360
68-24-1920x1080
72-30-1280x720
74-25-1920x1080
81-30-576x360
83-24-1920x1080
86-24-1920x1080
92-24-1920x1080
95-24-1920x1080
97-29-1920x1080
98-30-360x360
